52507
69469
56304
77380
68786
84437
39173
54785
83032
38661
22350
16081
50587
86609
15539
49991
43686
87247
58093
88794
62015
77381
98208
66293
12851
49904
85917
27500
74075
41096
62595
7743
95785
96962
17853
98732
57596
59624
34261
46922
79876
26281
48418
94953
54382
42008
90001
57244
34266
48506
99378
96825
27780
77128
81540
15028
35567
59890
51651
28855
20846
35383
3497
8926
42882
83364
91350
2911
28193
73317
99363
212
33298
28296
49470
24936
3801
4545
93382
61051
30000
43362
78834
63736
27337
24655
89869
9657
39985
33591
31929
54650
40712
13579
90462
78940
98501
17246
92233
24287
48896
92677
7936
22954
26631
7225
74045
37041
67962
53169
63633
53086
87632
89960
75398
87249
30960
26278
95980
31474
77029
18656
78903
5078
3455
73069
46028
31599
46896
44504
56157
74629
76763
25589
91978
34786
40147
94613
37357
75734
20872
83540
89338
85149
92957
48430
11069
78375
55178
71359
35287
53123
56310
96687
80231
1254
24877
27716
10104
23885
91075
27277
45620
2948
84816
46433
42592
43637
47990
82572
52805
31265
1974
40759
41067
19635
42023
37207
22469
70529
96467
21917
13294
39114
11128
60986
45857
52481
88694
2254
99500
85500
83289
71919
56441
120
1927
89967
34815
56604
87614
1038
20220
27550
30527
15259
80491
14862
90530
64655
56518
91834
60465
8529
60305
30969
78039
25812
12065
79978
40753
51799
15650
16889
72316
43524
23018
64485
4344
37810
21065
44579
92470
68665
34844
92539
37842
85465
3650
60308
34347
59786
27449
24815
37410
77773
50424
22046
55280
10655
21858
93989
86575
77252
90242
87701
57172
85094
18919
10220
66681
37883
65180
5900
47933
55363
79081
24226
45923
57048
41231
5345
54752
30741
82530
84626
55971
8884
80936
34388
91347
29979
20870
22147
45877
34683
97463
49151
53018
5619
73808
37173
40628
21730
23104
78759
98455
57920
28181
55351
48233
51016
47757
41830
48109
40953
68776
37482
20903
33081
48860
84912
51036
65385
62694
15738
35227
93951
58356
29198
49954
56111
26423
53888
90620
97518
25389
39150
7892
96863
63215
4001
22075
17084
15161
87625
98313
77007
60199
28328
61360
27806
58614
22208
43097
94762
38448
53532
7467
78615
13768
25040
19580
54596
21604
7792
14371
15725
32603
99362
83760
60419
40585
35994
60942
42145
26553
92320
9747
75063
20295
1925
56697
13530
99927
23657
5217
83126
53714
22291
75837
27261
31666
55928
80365
86972
17955
2120
73225
21663
47236
8455
17669
88472
99084
35302
67884
96913
82966
56591
6818
18645
31899
52687
89107
91443
79950
62359
71640
9029
45884
28792
46149
93000
90960
18838
63686
80393
25913
2218
59051
88679
91379
27532
22661
8033
35692
92426
98005
99612
28654
58316
29163
11185
78441
93721
7078
24266
86092
4861
45820
31222
53030
60250
59651
40768
8342
61328
2889
78654
89931
81285
61908
28308
22923
6478
40261
1178
85245
50399
13404
529
66623
83877
97016
71831
57232
700
35396
3023
65647
41190
12107
23847
84958
26992
13643
61213
54335
40188
63016
57397
17160
13384
12446
64450
82509
48276
74842
28734
71410
2343
39382
72473
95725
54239
78548
97359
75614
76461
26538
982
10747
78715
51138
18053
55952
39322
57528
11823
35960
24580
91539
63870
30090
62885
53710
86714
56066
40866
61595
27833
21949
96848
62480
25226
43289
94596
22655
66355
98890
16052
97776
41588
53241
39643
43022
26489
81700
42968
86205
60379
58673
62440
59288
48971
98913
68939
74108
65906
51679
13324
78558
48130
74832
17060
40078
90845
41257
46861
91716
37761
37238
78320
23688
811
81198
21589
66555
13545
89649
72508
52498
35838
26340
53263
46268
12321
67587
49795
74843
69209
54616
61351
59546
84959
17306
67378
96655
60361
5193
70747
9627
44512
48552
64371
95741
15016
9109
73730
97390
23353
24589
82172
84544
12307
64153
78257
22105
39864
10512
14042
28486
60945
39922
45697
81606
95785
88465
10636
64602
78199
84872
17062
41440
24885
90613
47005
98158
5093
88467
79645
48546
97166
93952
92826
81738
56857
28386
30428
64077
27365
55528
62673
33794
50464
59608
32286
64131
78899
43240
86188
6806
99865
98142
65965
17500
47445
96546
22842
95478
73600
38569
17068
40731
27921
58906
13753
25350
2761
62073
7191
59637
72044
12795
59114
60364
82459
59285
39617
92684
54088
70315
67691
96127
10974
45648
90139
80218
79584
38322
28397
59687
13786
87252
45462
10980
2809
85943
94671
80575
50468
71677
7986
5519
30786
48644
85947
27448
179
51560
69191
46910
29700
69724
7764
2031
11753
88174
38380
97046
2353
84877
82104
39264
65883
93262
37383
83641
29811
3541
52420
37133
43181
48135
43349
79689
23518
31105
80151
92739
62753
70242
65328
93222
94111
94713
63075
21
60382
95140
10164
73454
33926
67006
14264
2400
25658
74083
13417
59294
18854
25202
29596
49598
41279
9347
73352
23612
99935
14138
20426
56438
1979
57388
25281
66336
54384
71325
18803
53849
48492
18238
66152
19306
26474
37393
83166
675
82885
68951
43540
57184
36078
64623
29724
88983
68282
65791
34916
20215
35346
98132
28291
97070
1095
16447
5218
52847
71345
88886
4184
22284
58291
5128
5865
63977
57714
79449
11092
52861
69780
20640
77180
92807
75148
33293
60392
24851
88894
83081
48019
87527
8578
10034
91942
76344
53695
50012
90770
12977
4151
35534
18163
77824
17401
83998
76447
3749
70279
7683
99430
31450
92948
70626
60756
12690
62409
80670
63395
34614
78232
68856
93962
30102
50618
91504
22900
66651
59262
16243
91079
3360
5032
36944
43867
32225
53900
34589
84419
4970
60625
27316
65531
59691
39635
48804
39111
38301
52796
58073
53488
56312
57288
54554
81476
52901
76815
49420
46489
10640
72686
88582
9992
88223
22184
32022
74398
97223
87165
93620
86279
23143
11876
4981
2692
32348
97194
92434
71804
71403
20732
64949
51282
46290
76457
39770
14232
54724
93409
69689
9787
74710
63424
52148
93903
62809
21155
53910
49306
26003
54246
67583
53190
81100
14211
18418
48285
48144
22815
47213
80735
20968
13685
14546
82730
16216
9328
81173
79675
30119
56266
19881
11949
98438
23786
11138
54574
41822
47832
70353
62322
54807
99072
68233
30389
7937
88104
4549
15630
90012
72428
53772
176
81895
49021
39097
16257
23486
95877
39300
21333
82086
94972
73922
73628
97194
83839
65418
70226
14738
57778
94071
31984
28461
77321
37330
26651
24070
59569
68603
29371
60813
91034
8848
88652
15763
30991
40527
6410
69435
1585
25014
16332
39219
57466
13332
797
83792
76003
33751
74493
64969
24355
63625
87668
7448
11623
48832
93607
5873
27865
83391
59645
11041
29256
4154
67215
58300
56826
50510
87413
79108
919
95542
33377
50637
48054
82770
42495
76176
28540
60763
2207
86374
32081
34650
46781
57695
24604
26969
10509
46905
6873
40447
97746
88528
41197
91487
42852
43772
21257
62820
26912
46918
52253
31390
26036
28702
80789
1969
30170
40597
41639
31605
44768
43571
73878
85623
11234
71803
42230
41923
49226
35466
49844
34696
38271
97066
18609
53755
80503
69677
47205
88952
73351
13940
24325
79060
9954
74275
499
40202
62476
14052
8469
84758
18547
93881
70108
27600
43533
43619
67504
32646
75736
24737
54294
36256
12929
64436
11523
14618
95635
78601
18375
5819
21490
65279
17266
71259
30267
51111
66977
10798
94359
21498
92364
10958
92216
5489
21144
65698
93603
93387
40851
66318
21739
11859
15672
19215
15924
45163
70752
96904
48488
14792
58300
38444
20899
751
69944
91678
28999
68456
53060
3753
52377
81067
81868
48753
99173
35650
16703
38235
8426
75813
62005
97605
13128
39930
66796
36854
8642
9842
60404
94195
60030
94569
93829
54859
12622
59438
59080
35072
75175
36895
22463
41498
51556
4163
48218
47341
71886
83990
25083
25937
19070
38092
68110
34011
65316
68818
4153
64036
17599
90344
91982
32607
73209
70983
67281
71734
51000
38900
9634
5243
99503
38823
87910
14206
79700
56232
20735
4672
13314
73516
14113
91007
77385
3589
11493
64786
18992
40857
92005
67884
93860
72967
92177
83567
66175
59090
92312
64034
15306
75149
33593
31459
64861
19590
91819
16914
90642
33897
92255
760
3207
8732
93004
16964
74472
18223
81708
77444
32181
33623
94531
94817
72660
48382
85371
94617
10603
44133
63309
36234
44365
33686
4317
36265
22532
53
35456
78633
11743
4178
931
1877
88211
73217
5661
11709
44087
56483
29824
23041
91126
73305
11105
84345
86110
5437
18902
82445
85218
82129
79605
74387
43401
85328
59664
40941
56795
57634
92668
87088
89202
25930
45024
17649
45241
23955
7032
97611
74985
67413
57165
49165
60563
42410
76226
80089
38021
17244
68836
57037
32326
81156
92718
31900
83148
17935
11790
88532
1202
2188
52831
35146
78076
50790
59691
64007
13793
55302
98528
86931
21848
65787
55496
47418
14534
87099
5164
12428
90297
66377
13886
2990
37707
48552
71015
29531
80104
1662
46147
61597
76628
58883
51549
29830
59555
65736
14910
52626
16118
2736
50806
40788
25874
85084
66377
94153
31007
78480
79041
1521
36202
91042
42359
81597
45949
18266
57570
28287
47342
84631
63968
28305
33682
86768
63938
21052
20547
66978
54027
60580
49858
83422
44217
50481
85768
83138
96860
36744
17687
32581
18719
41335
44117
26980
39867
64678
82015
20767
34430
27163
44166
70139
32009
21172
55346
92020
59070
85636
53733
11515
48450
38084
43536
48281
52927
99934
56323
75458
38028
75541
9279
30054
79206
71838
96672
13992
79248
5183
90446
97494
11081
24656
6374
85604
95921
21182
50753
91649
88029
87405
38463
54921
96511
29329
25583
21542
27339
71101
2178
53905
11564
34425
14235
1101
26537
67192
75739
47376
42596
4745
24811
22552
57428
91779
78232
80230
98961
23457
62286
91952
82698
11324
72249
67012
72609
28714
8429
45407
58875
37960
94252
11107
6745
31177
56239
21941
67416
68611
75902
25174
52820
85911
59563
49653
29800
12125
41788
52557
68627
94178
15308
36261
43088
78729
34900
57982
74508
83299
58801
82040
80301
13979
37121
83601
84504
33821
69189
27989
42898
36650
51557
95329
90116
57149
72146
34565
75073
80388
99603
51391
70604
84638
78667
73084
31363
70178
17274
14621
65259
63365
67342
70437
89744
45914
63196
66258
16145
95415
45589
90505
20320
48143
71867
21205
37122
61079
48853
77393
30533
8162
46372
88174
40056
76394
89792
67854
37208
93678
86668
71061
38633
77897
50867
4747
83583
54947
67456
23516
96562
12125
6734
80000
26581
60606
17713
54293
51354
96903
98976
77826
40142
19912
12516
89821
1046
8114
96415
11952
40914
78938
51025
17663
19340
94204
69025
82309
62612
16189
6354
21104
64886
17100
70300
13973
80268
34266
52430
60299
29569
7090
67401
55288
10308
72046
11929
80028
61374
51052
28078
85086
40199
56956
62658
22418
72982
12515
45639
96103
58428
23058
1838
71618
73926
21974
19444
55102
80622
98628
47962
2139
56134
96439
48651
73960
46799
40557
10702
32239
20924
46604
37197
88201
76648
53665
61364
13600
23542
65660
12125
65619
27018
97161
93654
53641
80406
16301
43663
21387
29528
47617
67942
77032
23178
17056
36190
77239
10480
51807
20179
33624
79195
78464
42998
42791
69591
31488
57125
35600
70467
98149
73066
5945
64478
70242
29366
47322
65585
49001
12090
4294
58057
85469
68073
33405
19341
87738
60356
97006
45396
57482
69743
26790
47747
86540
8467
30932
96076
89291
25961
83149
78007
83306
95576
49911
94838
60677
33535
24248
16057
55998
67790
62592
28453
10978
62726
1883
39466
72821
60548
24221
36505
1199
65170
8774
71159
56795
68313
26500
57866
75784
47158
69401
96214
8004
15698
88483
27088
46720
3789
27291
72161
21650
42929
93067
78445
98201
96202
72126
94461
27913
78305
59509
66485
82949
74832
62335
8944
7904
92174
43289
63003
58857
55619
46407
56457
81688
73906
46212
74471
83567
67669
12569
3562
53973
93421
9439
34912
73925
64945
92743
38043
62835
86718
61294
90091
92158
70681
2023
1873
12002
72236
8663
45155
62712
30399
20399
16254
88605
65671
93218
89719
69940
78611
91444
86248
28920
34623
89404
84713
71001
24948
48163
47797
89653
21992
25940
5690
22575
90466
89457
56524
31650
3436
78818
4059
94872
98484
34326
19268
12983
42666
67283
99215
26478
5573
61594
81669
73807
7600
20784
99660
41931
20794
83517
36844
77061
47481
28012
2205
67493
13929
74303
63057
33510
57192
43473
28190
9334
40701
57813
71948
57674
15756
49000
50853
20627
25185
80132
66129
49775
61913
7822
57179
90171
99445
7462
37529
42109
29467
97796
93738
86619
19815
47426
31848
26123
17458
78134
77170
23515
69279
20768
78549
71755
51557
13546
9578
77240
96824
24327
79778
95711
58016
19970
64423
29865
18455
38737
89017
78916
53879
98682
2504
68833
96568
89734
2987
56133
22970
90808
85728
69348
17707
32606
67477
4029
72215
79135
83286
1623
89624
12228
56420
56795
90192
77144
33176
63671
39780
89577
49238
95037
44509
60094
96072
56867
98672
90427
44410
34199
12783
60057
58058
95313
83601
76928
78594
29384
23082
86076
63632
75957
94103
25178
65405
84190
26100
37243
61621
51319
34164
3299
59312
84057
13477
85688
77093
29046
15814
3547
20141
6063
20976
42052
47999
55915
66457
38441
45463
96695
69538
29
23279
12088
80005
54094
59405
26854
60548
20820
55431
81805
63606
68199
50503
17486
56550
40356
57808
87172
20458
14095
35476
65341
47973
71200
27766
5500
32766
19930
15890
83919
88398
80367
4511
65629
32140
64738
92713
29974
31615
71457
63269
69330
47817
54898
44139
5822
31099
6723
66330
91732
28814
88380
70185
38152
91985
82699
63083
38778
45009
88338
97365
30936
87855
49627
77514
73916
984
41994
61932
68315
63426
37430
38449
27010
37896
41546
89735
28618
98082
55645
67469
6317
56590
21505
36328
46094
13574
22252
3062
71370
64440
80573
75620
64587
91562
23352
22158
76692
97007
95536
60882
67245
69637
36705
23887
93452
77055
35023
33810
26185
15161
68982
98029
52539
1558
41522
73795
13992
82682
52531
4863
76779
67209
5421
55464
3929
68919
54710
89665
48365
16158
95098
28569
35070
91813
24316
42943
11252
45874
71070
216
81122
82745
50048
66645
21054
52710
6811
50223
96971
57466
86410
83655
86313
65393
50636
56266
53046
41009
54391
80310
38567
80786
29644
2718
12541
51056
10692
8371
58784
32102
5069
25355
80965
26184
45599
36052
51466
30260
13458
58626
27744
87921
1168
45249
62573
36252
97108
83632
74326
74804
35010
14932
19260
29133
24605
40975
2404
18221
21753
46154
69107
80235
73775
90073
93530
13812
28747
16054
47236
62485
99114
91204
8045
21227
69918
33458
61787
82316
72856
17909
1297
75604
90136
24441
90176
41816
95900
58350
4841
15422
38503
63006
95402
77352
53153
71552
16513
8328
55758
68179
53764
55939
17070
28406
59812
44494
91237
96625
16727
82189
42172
93880
3606
81011
54013
4283
56089
82690
53877
40017
45629
42311
61972
17236
14943
35326
55183
64421
72562
99955
45683
93798
93488
36031
37242
24410
96095
81226
97339
55488
9542
9173
78370
4073
2101
12182
84975
50717
51000
96106
93726
14484
55180
81154
46062
58585
30331
77139
34590
99704
93743
21692
83746
29911
26973
86938
86658
49340
35819
75082
60705
68484
13619
68312
15451
99912
31956
22841
56158
86222
38068
82938
89678
12165
63663
16732
20447
12947
92234
22315
21538
61721
73255
11218
63140
51096
86541
15686
2833
39787
90977
22068
54565
85589
64984
78772
51925
48460
48511
46555
40523
79484
1542
29256
97580
68946
13950
54322
54350
15202
71234
67834
16646
62363
55679
77744
50723
75984
79161
50108
30543
42704
92910
28221
63988
10649
46792
84972
71377
26349
3095
16675
16576
4050
38386
81378
87300
24701
94677
30297
63738
17962
64746
42899
86789
83596
80190
6822
37763
76274
40067
74622
63256
94
83538
26429
16066
57395
11601
98456
60008
59324
44233
90909
84833
562
27629
41709
30431
8773
96133
48225
5651
80774
96874
64058
93076
27058
69463
82298
46228
60519
30908
58251
81857
77526
37352
9716
60009
43565
64142
62541
18734
83448
34267
6265
82788
41696
11267
7997
24889
74820
64722
58977
28703
12697
79792
14210
93023
60453
63668
55770
90973
25483
63348
36783
28887
44734
39558
89595
17710
88633
62044
30467
91226
49174
47332
45701
70573
59289
56069
96412
64643
83641
91657
12533
32432
79970
77569
77366
93764
14673
61322
89575
855
4952
5630
27869
39226
87317
18909
26544
78623
96435
90890
93397
51285
55810
559
26384
72688
11385
91301
21824
81296
81905
5061
76587
55031
84621
62665
53358
39212
63998
10092
52594
52564
67369
79687
78629
43529
62232
46024
7501
2493
81295
41444
41480
63311
26589
53596
50322
62781
77504
41299
46603
4559
50508
39244
84387
47107
66764
77681
56007
61600
23425
42477
97288
44864
34335
64708
23901
32550
54228
62669
70627
61688
66111
90112
93239
12563
97967
16566
36870
1467
34913
1042
30421
64074
22771
89189
65880
12339
23649
51610
1057
79569
58421
73425
11809
86421
55264
57679
68510
19931
58252
22866
53160
27337
72823
78593
64434
69224
98345
57190
96333
1487
33655
75349
73008
95750
58691
34384
50129
47645
92977
43376
47118
23090
29657
77157
71624
13400
72215
45320
82865
47469
42446
88880
59042
6624
116
9266
53623
33598
105
31093
37090
75393
1699
33791
6363
52326
83953
42210
72926
98182
55435
54283
32982
99867
10546
89035
36177
84529
23763
910
24879
15186
9755
91770
73838
48269
82464
93787
32286
7837
25457
67066
92448
54116
55740
42259
1644
87998
62840
84435
14576
56136
71329
2677
82228
51197
51112
73929
83036
37748
91870
2015
35036
90509
75063
3849
81073
44098
11691
21845
41392
67349
75551
41395
85243
70434
81444
83142
63939
81618
11190
53491
89727
62055
98751
6767
7466
46397
93408
79390
1756
75702
52288
9905
62992
99050
41803
33332
58449
12667
60149
1662
21883
29435
57825
741
12207
29075
19494
31684
24761
27579
49384
15955
44014
96415
96919
25426
19846
89198
68304
53015
85379
49291
77702
97040
68492
49508
1855
57480
81238
30988
90666
50892
48791
90178
27539
3804
69545
1076
87775
3615
14821
95757
61476
39477
24635
52748
91286
37038
7474
3696
25214
90829
43044
37106
67870
15509
43779
56227
39645
53065
4628
8983
504
69400
23909
51110
17079
23917
79080
75803
32896
15118
53087
17480
51685
25814
62785
57603
88638
8327
78022
32947
46028
17147
99839
60931
75589
45713
63513
99512
91633
82432
6746
82964
95367
85892
61881
57339
21137
75687
15242
6685
82483
21388
70528
97885
88300
68228
68562
87264
21249
74344
86339
95727
916
79526
96418
51933
92001
41984
81414
53990
3447
20077
1806
97296
30790
46325
40503
98133
66563
34104
82154
95871
46568
6801
35359
54323
83266
84866
12436
19311
26417
16144
37755
26887
65554
83179
28844
47657
91216
65194
78325
50584
71484
72131
96672
27581
1722
60022
36476
73040
24824
13294
28894
68400
65936
38206
30894
93692
71520
51706
89009
84420
61686
61570
40132
41928
17655
9788
48370
61579
8800
35225
44325
59065
85570
57319
76194
60541
80670
22856
91918
9422
98242
57460
32106
83508
1828
86065
91712
16303
52560
35014
17262
55401
16491
92329
70383
31818
56406
21174
55270
95781
91995
29658
78908
19101
72708
97133
10235
36364
59370
26427
13336
54773
26753
43855
98084
17667
28210
28428
49300
14549
82809
81207
84542
33153
46521
34765
96076
59442
8916
45487
77146
51986
65266
33927
59742
31723
67269
47896
91727
45240
30949
6194
74780
82160
98138
93960
17769
79815
69426
58718
11661
56101
71161
43916
6794
79662
39774
64604
17609
10601
12365
99901
3531
99758
80465
38298
47483
48784
41742
61503
92529
87735
38822
31258
36595
56897
53196
32274
13581
5972
97944
59370
76604
33827
40419
20540
60306
80229
93296
15997
21176
30094
46372
18765
53836
22107
86672
41730
42969
62744
27071
53257
57064
9871
58956
77870
4178
64338
56655
5727
84451
52592
42358
21202
35295
16163
42717
80200
51971
18222
4039
44006
77845
6549
21426
88096
85920
82006
16855
81752
10606
74886
28817
51561
11621
56501
33632
35395
90919
8261
5715
97546
33625
51771
74175
68781
68186
24492
33973
77351
11739
21254
38970
53312
8389
93404
33561
52426
36766
21834
91888
30701
11687
34171
7788
62160
69041
86545
4655
6554
49967
28911
47229
35043
81144
13808
655
86253
43549
67442
11723
20573
4849
70899
45753
14613
81833
26632
21779
82318
27523
90539
39282
14043
86449
27726
39061
36714
32548
93532
55389
78651
36675
95775
49967
97085
21180
69052
96793
79172
32089
90385
25536
74587
41645
39405
24554
93583
49676
55218
46814
77842
13922
82437
14012
49519
41109
66076
49032
18638
93742
47723
51159
1167
80376
63542
66719
22904
42912
3093
92994
14490
7853
25449
75155
43708
81303
29311
43436
32520
84624
99888
74950
22471
22860
89506
55153
27976
63228
72811
8767
43896
30909
66960
70881
79692
22044
34559
15766
28875
16132
11208
35114
94918
57906
94101
92966
46901
84300
44051
45146
6589
63089
14474
20032
34380
27481
4765
49360
38840
74412
87492
50119
24397
2161
46501
18971
30708
58290
76898
99163
91924
80164
25897
79444
5716
66746
8877
17584
93992
56061
90783
63307
97312
95630
56920
91172
13724
10489
63724
15461
24720
97019
32045
60258
45255
30145
62485
21025
13277
74774
73307
64720
67984
87850
6093
23486
42797
74808
19592
37721
33267
65924
37657
11387
66090
36102
26756
61815
75819
13758
33779
54270
80385
12460
12445
12261
77066
46863
96402
14696
66840
72008
91653
6788
36646
40769
6311
54443
98858
91674
95494
52070
30479
82907
96231
58312
47848
29969
57027
91602
47173
7452
9803
8963
99655
82628
17846
16023
12849
44497
84747
95267
21590
32304
30275
4440
35543
80083
44250
1421
89161
23967
18424
92416
24307
10939
41040
13605
96630
90967
2997
1074
82984
1150
8912
96642
32697
85436
34284
41776
70480
74965
1077
92768
55883
78906
43612
18959
69732
84320
10613
28883
93481
68058
62352
83098
47167
94052
43874
53293
49455
60475
21817
67722
26607
29429
37837
98713
72243
60700
96170
69584
29581
71817
14446
2072
29826
13809
9231
65843
73598
79514
50450
99654
82454
52363
22424
65203
57203
15480
68979
84447
74982
77588
16043
60414
42820
66225
15528
48546
27259
26182
42806
31752
23903
10258
56128
18519
83646
60497
66774
4269
20060
10255
46010
95018
73450
68588
56130
20085
83553
34980
87017
84346
95821
25644
29059
70263
57607
46139
28043
82562
62815
85989
82577
36069
72638
30781
89188
18174
8899
454
76033
29492
74261
18412
73473
70610
44526
2044
7280
65573
82975
91653
32771
53559
69215
4304
30233
54283
20900
74828
90900
15966
21243
51832
87669
2978
80512
85868
81135
92373
45699
12164
27928
5495
21791
23864
63552
76700
35745
26949
82366
83743
58904
50100
91138
29967
53684
51098
1597
30444
35834
51935
27080
64621
22699
12310
27120
3019
9794
27498
95713
97593
6139
10100
4537
65196
45743
37822
93708
44358
4572
6659
79516
74170
92325
67767
63027
92860
19715
17672
11610
34944
30368
89192
95198
32258
17809
45322
65969
46136
94596
37189
72543
93300
99465
52522
69505
6914
81857
90451
98822
37597
87146
29608
58896
26746
4714
98438
88413
88088
38642
9904
18367
99505
47058
38151
80801
78174
29174
78706
11673
36583
59963
70317
86928
30153
48347
13277
23479
11009
40172
13244
90592
21692
9181
94021
98108
76033
16465
46899
84283
91243
39319
24229
71418
16431
93657
33075
84282
23597
24941
61030
93323
71972
57802
7108
84099
27868
41114
75163
61684
53897
31755
12418
49293
57493
9404
66449
12743
5401
34711
42475
43152
36999
75651
64247
14186
81389
73247
55790
86969
75819
87698
92575
87932
33852
38203
66909
42513
15091
49126
6892
59955
38975
55555
92342
7877
76232
19172
29557
39198
67428
84848
85444
23180
39649
77787
79350
11214
88331
40945
29176
86176
19635
22832
63696
98654
39248
22317
97113
82388
38857
98019
68855
44785
78765
35896
44992
31855
89246
38382
38676
64019
47571
12860
46497
6939
93032
41206
44523
90080
93757
92024
31758
46410
77025
38286
37143
3535
50630
48312
3722
25301
94868
24062
77230
61144
64514
44215
51452
26745
30286
73502
53047
56066
77100
44229
20961
72912
6497
14715
86758
3012
34556
19086
25374
83706
33775
30028
61577
94049
70110
80958
78045
89257
72906
28147
33374
43966
9017
38199
74279
55494
79303
69659
27535
86826
33270
64056
2115
48079
18732
80402
51035
46577
84303
94843
5539
52132
96240
95961
5461
63777
66204
21538
68922
20061
72465
89882
97306
69479
16745
85081
32176
55972
11298
13023
71745
82230
42059
38546
26056
43600
60118
32953
31762
60666
36907
25479
52102
97171
14312
49985
66829
13903
91353
5000
67894
43910
10102
30516
24277
61536
21969
51801
1990
97376
62976
84931
68885
84924
2352
52359
82871
76584
31774
44109
49634
55535
21511
43018
83373
9695
88858
83508
58110
89348
5027
12229
87445
56280
94407
75530
53852
52484
94966
27403
47499
37052
36987
36638
44987
61362
46775
69129
56064
19692
28156
42194
33402
96921
6744
41847
76548
25477
54811
40870
58282
67522
97648
20016
53898
38260
5306
2980
67063
95222
2988
38937
83325
82333
46648
3724
15556
1333
25088
84817
84926
42400
27516
84350
6029
44508
22025
16827
10687
86816
61265
21964
13339
97430
37318
41633
15209
74796
68910
54221
14003
24468
16163
53384
51387
27925
28422
76479
32513
59753
71449
26314
51356
40884
72239
78701
53965
70670
10543
48686
54282
34216
52721
96044
38749
64787
9246
2664
63481
59019
89911
12712
27715
84160
84821
78748
37972
77322
81125
96309
97603
74398
30844
42382
29513
11279
25959
61012
66261
61903
87763
27717
58572
77217
92220
41289
35124
50150
86735
61235
60656
62106
9695
45605
24859
6624
50045
5662
8322
3104
48685
88163
12570
75904
11129
19680
89507
22854
81245
97145
82820
59567
25315
7963
36903
82222
65858
13436
81490
78909
26961
4509
57287
53095
62
3886
61486
16793
5967
555
88481
38216
74071
7882
59742
88948
1768
87202
64971
58250
27522
58835
33728
72724
50842
6923
781
77810
46248
42957
94887
52431
61605
10635
48310
6434
75026
98320
38291
19115
9152
73009
10486
17922
54229
9450
61720
32033
23248
50131
95778
46962
63083
73710
35248
67177
39804
878
62685
26356
18717
39239
72506
1032
15213
93810
26660
18257
24647
36225
48888
24301
14500
65202
11959
33363
95750
58886
68536
67179
19999
11449
61953
99171
7204
13406
85096
32937
15458
35359
45381
76515
42831
87513
73866
51310
43761
23296
31092
45091
69318
9168
45714
28497
53694
41131
15811
69138
65062
22604
4925
96920
94904
40258
77279
41862
66188
41119
44408
81092
76846
25259
13606
39384
88179
54286
33632
28699
4041
35447
40194
92079
30289
98969
79478
80132
14792
16578
27803
85852
35022
95090
22394
1095
81095
32804
53358
58928
44728
33650
30072
64861
73576
5754
93152
76491
73583
48981
20580
33620
487
81365
52423
85036
57506
82685
78150
68118
54919
26927
93063
28145
59404
59466
1196
20347
63597
40495
71138
29579
68973
16268
92052
49771
94924
61170
88445
95201
37511
16412
99885
31755
14109
20143
11185
6371
86603
47711
6672
7293
22981
24768
74382
24449
70066
46336
70239
83342
37212
64330
52034
62837
28864
9267
37181
69632
29728
81879
15405
38067
10268
81913
16834
3499
57461
60936
79503
22871
54740
43187
62115
50820
24658
27114
27567
92106
81136
53106
79963
19562
34183
63484
72278
68225
40140
23604
93944
14814
40184
21810
37312
48540
30777
47380
23433
15139
75576
75455
42527
59712
38376
10920
44661
78965
83806
65828
78473
26745
54811
71756
96951
93696
46548
26435
49860
59433
42070
75477
24766
10939
85687
31056
83746
98249
82118
19198
68728
12532
24204
62433
74689
92490
5267
31192
78319
38375
34339
49715
59003
5146
27882
34501
82172
21250
50069
37659
42224
56965
6105
49541
82246
23781
71260
93167
98184
67779
68080
54743
40727
14295
21597
99030
78113
19551
75067
14354
66419
89722
5923
40622
43046
81923
96084
64211
16857
11158
28408
26777
90420
72782
83097
23406
60348
47255
20771
33178
16777
37794
54814
66302
99293
23292
10748
39497
80346
83051
16771
28892
38270
45518
1526
46688
87880
27188
85933
52597
63345
6417
45188
46448
76894
98000
67407
44235
92764
84487
20454
41173
50986
82799
69122
46506
20883
2743
81257
87915
51190
97540
74746
48401
62019
12846
14274
35046
39790
77560
87886
64499
94642
33475
70457
57140
56001
70409
21112
74421
47647
79353
10672
11418
58616
95188
40720
30361
11579
48218
23281
27073
1918
91798
38062
3960
986
62192
61499
71798
83048
55284
20351
18834
90312
62690
49073
99566
12221
16646
63645
41414
64005
67512
91412
97834
15083
42058
15227
25752
20683
89633
9874
81544
70539
16260
20753
83263
17785
35610
23654
988
75177
91640
37650
41017
48457
11430
12145
93603
74561
42676
22977
68805
7602
36735
45742
17231
43997
98401
43867
75565
24969
187
20011
58070
73291
8771
84926
36459
58956
23314
9258
67658
75239
65162
47589
78526
24946
81439
2144
15993
75766
11517
46318
78581
91038
45043
27093
35210
90203
55072
3312
73188
82235
65980
70614
5550
84237
17403
39270
48819
54285
8195
78889
70003
61681
38308
92339
26425
52576
78174
70099
60740
46297
18329
98431
54143
88381
95627
94323
63198
49218
34799
97155
66709
63480
88352
2922
60844
35485
61396
34064
92603
37834
44271
75782
63004
12465
25392
62543
24213
20757
33652
52628
22447
45599
32628
38897
81759
89104
86845
26879
41887
66246
3575
80584
86342
85179
46568
69377
10298
59666
21721
95434
17511
44394
31730
61674
92176
32331
417
26901
86585
30578
71881
67199
44201
27357
28561
496
35546
36695
32707
43521
94924
51599
29920
33304
79404
32563
76582
81777
69381
1528
38299
69805
93768
41752
5544
4335
22604
45955
54287
27164
80184
42520
24511
27178
84163
86174
34875
27951
76793
67618
53068
36931
29037
50960
48660
14395
63011
3005
70836
11173
96035
2195
19890
59282
15690
79249
1530
91710
60096
85171
81666
74467
80832
13882
90159
15635
98128
64376
26588
3261
16335
54651
7759
39335
34261
83967
7850
59727
98291
93589
30642
67824
47042
48932
70274
13004
37651
81393
26926
68530
44097
89373
20163
91678
52872
56838
57555
8765
83157
54265
57358
92799
94426
29349
528
87475
96029
74369
85471
56561
19072
64137
98492
82603
62294
9492
65645
55664
88572
36958
23709
73250
5136
3446
50982
43790
84984
72979
82405
75314
43222
80482
24478
51300
22636
49558
51083
67182
87503
72768
46228
970
11633
58755
76080
14021
46538
28641
91543
12506
78914
54658
87761
74259
22321
99631
46407
53134
79408
42517
98825
39819
54266
38141
13097
44482
69972
82853
55704
47580
24605
23762
45308
71878
23791
29000
29528
52196
63731
60246
13175
61385
48404
78872
86425
11855
15453
7073
68990
51995
52849
39466
26424
50954
19840
76870
37901
9793
45771
6141
53142
91910
38814
87158
7392
52474
46154
72376
98554
22399
20606
44601
44282
65154
16973
37496
177
66863
59247
78961
50183
668
71938
60152
53312
60233
6650
36601
71267
24008
74018
91164
12811
48944
94882
41900
6784
3822
11444
10939
55568
47499
47876
89854
93118
201
90777
77479
54076
18073
99416
52494
98353
76474
4974
97294
84736
98833
1843
85164
35232
32357
43133
10253
14603
2671
69802
29504
24368
91921
48901
64889
55119
20897
42636
45047
24704
609
33772
10239
40123
57847
62469
9158
1955
77427
97456
82221
30208
33626
19065
67765
47985
78707
64785
89451
22435
81266
44393
49504
13731
64054
91925
67812
11172
97835
57525
82410
70833
69905
70297
65198
92038
16291
17839
36490
1220
15205
80758
83458
43671
74218
37756
17042
38427
23440
44989
66588
44749
99786
51998
20541
38236
37405
12868
50382
99714
89957
63875
33979
15699
43048
87392
37281
76040
75081
71049
59717
74914
17428
16860
47200
76561
7337
6713
79426
18319
91984
58069
69581
44545
39819
98366
1768
1311
58060
23479
88213
83632
63336
22118
10244
31812
98970
19610
29797
78259
11849
86259
42478
39245
79652
47546
28229
64040
27691
27935
93888
5678
35596
88908
86140
23017
7110
41054
82829
41676
1138
80795
24364
79882
82065
65898
8393
18815
95792
47912
37049
38972
68234
3445
71102
59636
99502
10257
72422
43996
91490
98022
21655
60131
90539
85878
21439
9220
95668
48504
83715
51219
21938
51302
23898
76443
20523
27000
81771
42441
47527
18597
55615
40940
51274
17519
57613
89089
48885
67701
37885
92940
62492
33987
67165
45832
31551
86586
7747
62560
80662
71803
58528
32198
42266
52288
70763
39308
82202
35692
37053
77055
95652
33273
95338
87078
12196
58843
3953
79127
69594
52647
44373
54463
86778
51275
11761
48985
87166
2119
73939
26266
88727
18840
86251
98063
89100
56124
82469
80594
66216
21173
73656
56027
24203
68156
95452
99643
68613
15047
61443
89867
93553
12242
1309
22601
4289
12891
50928
35935
40605
23202
70170
82232
1665
70969
89976
91109
58760
19202
31061
11794
68044
36638
90698
44248
88786
11669
54889
52885
9197
70857
89161
88577
72525
7139
18411
93730
30560
98427
71927
21449
51729
32542
33795
25799
28897
74961
54997
60687
58085
93001
65115
24856
33273
32784
96609
49502
43846
48081
91273
99862
83460
50508
29244
85752
48110
74867
19403
92357
39198
58417
91724
37928
79390
35056
18210
74259
4320
25874
64568
87931
56688
50821
21100
44756
50958
45285
46221
43122
67954
6345
41184
28841
70167
78231
12977
82658
74853
40325
20777
64005
95978
68239
14464
81310
35878
4688
88890
17927
47588
28339
18479
39401
65162
14432
57298
25032
70837
23599
43365
96161
40161
17001
90837
15474
52700
41073
16160
86286
84939
22365
60120
52169
93608
13105
3350
15750
58603
35795
46419
79778
8623
82528
30341
16650
19924
1882
52598
47458
90808
79509
39747
26950
32351
97302
1810
1529
72284
30201
17438
99748
57905
42237
49109
77663
29451
31295
66306
84818
58850
28351
90946
40660
80945
91193
2133
74112
16829
82476
69728
70141
16622
13972
15239
30978
44507
13104
73418
44817
14656
94847
31074
83620
76831
97352
20085
49406
92144
94910
28201
52062
67510
47267
84273
171
72957
32322
12825
14178
4844
18845
61810
12220
51190
84781
87087
97964
93495
89353
7707
6349
76959
67312
79878
22754
5059
49812
16340
13751
76265
84115
25331
80114
57803
48829
15307
46518
38004
15247
33233
38321
72630
95931
16530
27056
96445
47164
61938
96554
28805
38222
89260
28367
630
42934
24621
39031
26032
93541
44556
74846
5078
95412
2978
9777
66323
92297
48815
53280
6455
96858
89012
99602
86529
10151
3080
70329
69002
7792
15063
25575
52585
83667
17542
78696
63750
31640
216
3915
91255
77111
14092
71891
44802
96805
17981
57715
43056
93381
88389
24330
13039
36025
45663
81017
99393
83805
83662
86355
31401
24495
34687
73792
80353
56168
18561
52304
76398
76040
25278
9407
7683
8329
17047
36333
2744
97855
65830
4970
93019
45641
24891
79516
11543
91571
10634
39193
75946
75473
17680
24742
39311
92268
28354
62925
10634
97021
12938
67487
71083
67131
61772
61419
30547
85048
77164
74368
81823
65335
92520
99923
176
57984
14972
82376
47793
18973
74578
95282
86373
80332
3706
66409
25276
54640
26546
90301
19617
93025
16730
51930
5913
96973
56819
78049
47763
64191
76650
21070
44673
55508
32320
2890
79988
12940
25755
13169
78980
61376
2510
50303
16168
80429
8899
30580
75502
55962
79728
47736
24988
25025
16601
59927
64013
67117
20190
57882
8792
65617
21987
36031
96778
25789
93702
18157
95988
79358
83329
21587
15369
73172
4412
32239
48392
89653
39339
17154
98220
93715
8603
23344
7367
18969
47924
78241
54184
55082
73253
1235
47679
88831
18680
20305
93785
58681
14062
21401
87265
52463
11776
60966
38543
95643
13540
62186
69074
78557
97335
88175
35810
17958
14926
66703
73941
77488
2145
41584
74591
25456
49215
6251
82242
41242
81021
42628
64229
14728
69354
80649
85458
6620
31398
57567
79933
87437
21526
56171
59528
61482
87834
8429
41987
55910
46349
9416
80136
35373
29978
88799
32070
45220
42509
1129
69991
74036
64231
81071
9378
65080
67687
52413
99189
28945
59383
36391
59011
24934
25450
92066
94738
54747
99695
29188
54647
94011
57535
68620
98323
29218
79885
27776
27707
88168
25953
53066
74980
9354
32514
74992
21246
14238
50171
13957
18550
19791
39530
21567
38587
31693
36074
50445
63194
15035
13278
9876
72396
83282
20676
40063
95454
19553
49461
61886
21379
95594
76061
8625
13366
28703
41107
69945
28814
66170
33650
60208
60871
81974
60763
62071
46591
48678
70211
65267
63733
48004
84085
51586
22256
39981
60735
74619
87946
15921
52164
8731
91042
29614
42709
13883
14312
71308
10583
46594
78119
56363
64779
56996
18484
84242
43724
82305
75494
97801
62729
29946
10606
94348
91683
19287
29480
94651
20474
97816
42117
71044
12862
31229
44706
25166
84989
89817
96690
47635
46506
73942
72190
53063
37444
16356
97071
16047
45334
344
3673
51209
97068
38573
53861
32222
95295
9837
96100
46221
57352
63199
63246
18452
41905
93883
30807
56636
64614
78240
40321
98876
13408
22080
23667
539
94364
40449
1731
26389
92423
36136
32
51602
4030
17671
64631
38917
68928
45202
58607
65176
4300
88244
51790
41632
7089
20620
31624
62066
74478
63550
29316
62066
89285
29854
79899
53913
17742
75165
25842
39238
94426
81678
84246
73253
33705
14741
35304
48131
11042
38223
27962
84914
68947
44007
53704
41478
16604
49268
55312
83826
41126
81127
81617
71407
91668
47122
11881
98919
82365
84420
77188
86996
74165
42141
12550
92594
21804
2303
52037
32457
31146
17952
73643
39100
41215
21007
80343
69865
25353
31848
52453
50603
35352
45714
88256
76789
28032
35725
55780
14623
19008
1410
21237
50993
848
30099
37002
75906
40161
42944
52094
52671
86618
74572
77240
96515
59663
91567
55263
27418
26322
21628
48937
24230
94985
34112
41470
6080
87707
34828
19900
64539
41787
368
75973
88406
78817
87781
49333
47165
82949
65824
56174
68445
65221
34175
71914
61819
39272
2613
85166
15768
44293
31601
20366
13312
71784
58604
67926
76530
88748
65925
57265
23516
94099
97082
11516
51765
44126
59866
69879
54599
13463
63915
24645
2541
58292
92120
52791
75056
20083
98839
88682
23124
21444
20201
70213
1051
62689
99721
26036
12930
93857
56614
27523
70417
37111
38508
78359
67792
17587
95091
58834
27558
20408
75006
40986
33342
28246
1902
6697
91732
846
24346
71764
41989
91403
57889
43410
36669
16304
76823
77973
50861
10949
65632
48403
90128
2184
24598
49063
46272
67308
11689
17822
78787
29772
83230
45345
23263
60154
62927
63172
42457
51502
73128
91483
38057
97648
22938
62264
28383
28714
48187
28548
32763
13742
69035
78014
2797
3253
48605
94854
71241
88196
19541
67478
98758
89930
83361
51245
10045
83795
53867
29268
71513
60313
86845
51072
50498
73440
31976
1768
13915
86443
46932
13830
36019
67054
62021
70484
73424
13798
71885
86420
31452
50056
6915
13885
24983
21609
29489
88415
28479
36790
63391
79129
31295
44641
41190
52737
10405
53051
51316
16118
44386
8377
33248
31258
34733
36027
10790
56506
34008
95911
68757
30279
71688
668
40185
23592
74911
53211
46685
56101
73764
6986
27199
84507
40835
68817
62198
96082
72985
16547
39288
92574
57479
34271
70870
82247
14692
87178
81144
24190
52619
17197
76182
93793
27592
6845
74165
50218
34393
18148
30060
84053
79351
27370
35140
19569
14272
87614
12772
63043
84336
82155
26954
21852
96254
27926
36564
81181
54306
75192
67932
95014
70719
404
32955
6077
64456
34974
64043
29026
39625
21166
69619
78294
37887
54992
29602
46404
20271
5986
29818
83925
18648
63371
26384
98559
67067
7953
93069
49691
15810
98241
6237
85840
17574
88407
7165
85583
55134
98474
22040
73294
93370
35355
64770
24316
26391
15627
10714
25702
71584
27584
95082
84826
21951
26432
20284
47256
75406
8438
67541
40437
25767
87948
92747
24724
54467
23025
7446
53133
62864
37077
83990
81353
46155
28682
26105
6394
42086
47191
95740
92441
56683
94323
91003
1619
28204
47073
38274
286
29973
82442
59693
7297
84363
19739
43956
29469
35489
98211
80696
55811
56335
84338
36819
83939
86364
12205
51235
41166
20580
42786
45887
69467
16408
94937
79452
76441
4343
99390
33685
98169
73748
30723
97627
64056
43648
5983
18196
45605
45183
42317
49208
46057
98083
77395
21777
19400
11662
31749
35197
33834
42981
20472
98653
48220
85089
95094
66449
53337
4215
48733
89925
47633
38330
43114
46577
6042
76010
3976
54480
97758
24048
29033
51139
14224
80043
61747
53334
17225
40789
78966
69902
71431
14896
89964
96971
22960
97927
22948
79354
16648
59403
24835
15378
14271
73975
14432
81923
99292
91319
42909
14785
44627
23982
21015
85560
41125
73586
33493
25665
59237
33658
7503
28397
32796
99018
81865
20875
59011
42731
23427
98646
3100
52510
20667
28231
66899
43657
22044
78068
69878
5243
62255
8405
4216
87961
50868
88564
98791
19374
74471
75354
5225
4885
37314
15543
91098
22621
31797
81948
1478
76333
55800
37424
16298
53349
24053
23420
66442
94696
92247
54124
53024
93213
76562
22750
73599
44713
45524
67178
7142
21637
83408
28335
95609
72456
55635
47518
61043
79276
69626
60023
35994
43123
49253
96539
2916
7482
65394
98857
84404
9228
20371
2173
82496
71634
68024
22332
52159
93262
26294
63021
1917
24864
72651
48879
1087
74090
54527
35765
69362
73572
283
38190
87419
90896
1866
34942
22598
61122
62741
53480
6194
17767
88474
14088
31278
49627
72962
15513
21190
28774
11684
78754
46412
73518
17187
68806
18859
24662
12332
330
44834
67974
12303
51364
39302
6043
42170
91892
81406
50092
71399
60802
80958
52356
93985
46266
91948
91795
34323
19733
48802
59208
19629
44412
29819
21393
55647
11347
41565
17800
32434
67138
78307
55721
25500
85984
28000
25011
95788
93934
280
96409
14795
24005
90422
30652
51418
44434
71640
29594
42913
45501
64750
21870
38234
16407
19185
14771
41018
37261
21246
57429
65808
1918
42878
97674
27476
52887
43117
20490
49802
86607
70253
45369
61602
15622
73527
95841
99974
40774
19143
41774
76731
69499
84579
96725
74786
5889
38413
44079
89
72888
55474
49639
58773
76216
24020
64034
45115
25130
14111
13309
35173
63195
33764
19736
98997
67958
56643
66217
64054
96085
1013
34064
79921
42473
83221
84586
28399
70066
85178
94465
76037
20309
88897
62741
64170
41434
84680
58668
2831
30892
34472
30478
92834
11668
86621
10838
6227
73879
93365
24724
52574
95695
75272
6337
61927
60550
14692
34148
14810
8865
33523
87838
53192
46573
21366
60897
57530
65990
76959
93795
7343
28304
15455
65632
82052
77243
95046
36940
98950
85137
93337
73486
33596
65999
55702
68012
48893
38422
86790
60728
14743
10818
16350
56154
94753
30885
66984
73408
67009
6493
67773
32361
92099
68381
10806
88643
88805
25633
10936
1417
9856
70679
56833
57348
61867
3980
32452
35658
51681
65842
75132
25440
52986
46255
37331
87129
51019
25122
20189
55356
25722
90036
93869
19164
84716
61230
73430
33252
81678
15569
31458
58456
78461
81329
19377
99319
39252
1557
56142
68776
67339
30326
50756
93993
82977
59942
33095
16379
5169
3780
87731
34524
84513
51382
87241
7711
37015
40954
49784
62949
55521
21139
27220
83774
97986
3966
99482
18284
12643
67867
47170
58443
82659
97524
54796
48548
11616
16535
33049
90265
15693
59484
99224
30924
38806
68831
27644
55029
77089
75251
19244
16303
98840
40182
88167
51805
58920
21965
87306
44531
67228
75754
12489
22686
90412
1336
70660
55032
39619
19380
4159
46767
70293
66764
59896
51826
19394
97221
64204
24179
53112
38996
59982
55556
25330
7330
50673
66656
48066
74859
38792
6499
62041
83344
30619
52088
79737
59013
50087
64441
6665
77326
40556
25523
25631
97034
2334
17357
65479
99468
28608
69899
68333
92934
40842
65694
98538
89285
82506
40161
81704
15049
48551
68144
84878
43923
78927
10735
53412
93975
83328
48522
23081
13867
90478
72999
937
56824
67234
80551
70460
53097
72632
53164
21027
63790
18712
68637
22572
76919
2593
76662
21423
74103
13060
76818
45692
54088
84834
47672
56518
77817
66964
753
29057
14522
50415
88555
39776
51980
85216
91470
13983
92445
75758
72211
88182
38810
42401
56250
21020
32351
20070
64934
414
86992
23083
82877
77127
67537
14195
21446
44133
23372
80138
23258
7039
78890
99697
4399
66300
36788
21217
37464
43660
42077
70361
87720
28220
14711
55995
49708
99182
58337
42613
85206
445
26539
88842
66050
71210
86988
97837
40183
71105
35478
88312
22936
49701
93889
40359
85396
16194
97860
49918
93621
90600
636
57836
72840
5295
46201
91911
86580
18738
32752
29354
28186
54616
31640
71740
20553
34634
20279
82080
42379
24226
69737
52184
7742
38457
60330
96296
70016
21777
20708
14388
53175
2255
16161
78493
98630
9751
70381
80943
30197
38595
91798
98178
87776
93222
78377
51481
2777
53284
69372
91070
21148
30858
35328
36922
31403
40284
92763
19118
84828
7328
4801
55556
24371
98724
90084
45276
78995
93346
39920
1891
38424
42305
9434
48952
81591
42257
87584
82486
74553
22642
80679
8854
33164
37322
31808
89178
21137
92065
64544
26115
30124
10270
68768
55883
93321
87602
83492
3363
72549
75076
3965
34229
957
79526
55197
64993
77040
10569
77848
26629
54120
54761
38375
81460
7096
59487
63216
28231
6361
65041
61804
86533
78402
10487
63125
9393
5120
57637
96317
91263
45351
29153
15444
4101
76001
41013
85433
41963
82830
36782
34002
90486
56216
11367
54426
7102
42602
50948
23611
18008
89048
83189
37456
14115
75867
77378
86497
11458
77909
89980
86804
63775
88028
97874
4532
10074
31710
66669
42202
69560
89521
53425
87924
65183
91028
4139
10035
20452
11489
99261
3886
83680
89317
71712
16199
14844
12249
26602
45755
57795
96555
11308
79589
1455
38728
77215
51678
14233
81942
59607
50545
73209
89391
63189
71663
19957
75498
51444
61636
24507
18680
6060
22117
33565
83029
69793
16828
79809
73063
83454
19250
19599
9139
17117
33101
85853
29489
82328
50347
20232
95386
85684
82986
32029
98432
82128
70582
35294
80094
48759
2174
63690
2272
61188
57250
10238
84157
60321
10047
32198
24697
25808
36020
45893
12123
33753
79809
56713
22360
4375
66186
92123
73494
24520
65528
33938
60850
50653
41487
40577
3351
77784
83334
64217
38816
10287
29229
7400
38482
97749
92744
57025
81178
78252
40006
29673
59048
93659
62983
24009
61457
94688
91595
3616
1725
14555
20737
56169
31567
61738
20016
27746
43811
83910
31985
92289
81684
82373
22224
67645
24228
66133
39691
60265
75001
40150
97661
22606
14947
40876
22772
77029
85765
81537
98625
61895
24020
498
50748
463
94306
11913
2742
84249
30526
98898
74813
58956
53576
97627
79746
11353
9181
45757
79907
84390
97662
84083
23238
83001
45357
91972
33292
59920
3082
41516
17009
49407
1041
86123
29607
65406
25403
97800
94842
98867
45444
75045
12872
44368
94034
96035
24354
35924
48362
63677
98352
23948
3482
76634
78633
24436
96021
14904
25766
70895
51798
63128
7548
32339
11201
24875
52828
87186
71102
34406
11831
94974
2865
37746
4522
47623
86678
89571
75021
87515
67645
33402
76702
56256
63541
85221
72168
82496
53921
1986
34441
33132
5700
58887
2169
33319
11444
45387
81931
97025
14802
90710
40887
80599
83686
84073
45112
657
71231
76784
25609
67202
18726
56517
19978
23486
22140
91456
60205
29445
37261
58756
43038
16923
36772
61484
37845
4288
95494
30396
61780
74240
15628
82764
36610
18538
18853
33112
78794
24063
69952
71958
64579
25226
76485
80268
51492
58454
67498
89815
14740
10540
56802
61714
50947
79045
58322
66305
12758
12999
66650
56325
40912
9884
68250
41602
82139
41255
66033
21969
98111
2051
4770
59129
57256
25115
39131
61175
53187
79980
12607
41787
32808
95663
13685
5454
77826
77478
26052
94181
84068
5470
74519
5031
21913
22643
71347
12081
25478
15315
73212
35705
55377
88843
56609
15510
11929
15437
60661
93161
81298
59159
25122
1638
65076
40251
5186
11593
1304
52281
53886
8019
27862
35819
12914
37475
16793
91102
41121
62433
63989
547
12547
97264
55003
21093
27673
89091
23543
94541
29077
93714
76405
76235
47894
6855
74203
77286
48509
96224
77210
17860
13403
23558
9707
9924
11377
49527
19554
22009
58901
60005
91395
35410
7051
83546
51101
52048
28599
12080
93729
30905
34842
74970
41323
95797
13783
56241
43333
90368
30458
42089
74918
44131
56742
95980
79009
93708
96322
96491
57392
61237
71303
92209
33547
61665
51033
42791
26716
85195
57112
39764
71626
2792
38424
3492
64067
87530
24462
91435
66766
68470
17440
48637
70338
18665
47634
58489
75950
88179
84696
31507
58388
40618
9132
65987
77884
43972
67288
64589
95728
28962
13671
84598
58988
30188
39839
86564
66439
7114
47806
74354
67993
33887
6654
55437
26542
14296
62786
74892
65936
46500
19872
33218
94441
56587
24168
52191
89890
18844
33113
89392
93870
45746
64511
54365
84646
84194
73391
46246
24036
62147
39192
33033
45770
32788
67429
22771
1970
30843
30808
44558
50027
49867
25363
80888
74711
55567
99430
59525
99071
29507
72604
44215
37350
29729
14034
9132
21350
97309
50400
24475
56106
25473
66285
4857
81676
74538
70869
64451
1643
47659
66321
63809
39373
55492
29831
26433
24250
95850
48102
61642
38912
2907
31885
83091
28359
96439
36667
69082
65752
21079
76548
37642
92111
90763
87777
45536
26765
83786
74598
33517
33663
42888
44634
49808
64349
69550
17743
53207
98264
12229
9442
4169
62992
34988
69411
50656
43849
8653
99520
43868
23336
76469
12321
96748
61255
92562
6178
44658
46923
20325
38836
21098
89610
12557
2667
88358
62599
18890
27526
79651
53214
95185
2564
78124
47410
43074
47296
5678
85779
69707
49299
43236
30641
44501
29894
17193
83278
39146
15904
34171
5666
19568
39677
3580
37781
33003
81787
69685
6903
2332
44374
93820
30712
24131
65839
30918
82158
61258
10145
80745
44868
35372
93270
22873
81975
15935
69120
11643
47539
79582
62110
40264
9653
31563
55994
33792
88510
74396
79339
76229
55012
95809
50704
314
79761
23502
87736
86414
61736
41212
24336
20010
12856
74759
62536
13664
40603
78080
67297
58134
81535
50531
29830
57852
15052
53943
16350
69416
20920
22904
14051
65437
32286
66402
67354
72012
80520
56392
17601
80464
10757
9783
70045
63904
64268
31644
77552
26971
45928
18113
26386
42562
86698
97450
57927
51303
19517
72820
16465
67481
83729
66286
48616
90423
7068
67314
74038
59998
62491
68693
19764
25496
38979
26909
40157
21366
7650
81705
24741
3324
60496
74289
78581
96871
92839
86197
10769
31487
37169
90841
15600
30116
11969
50948
59754
91037
11792
78115
47288
45186
4402
37369
6989
94709
10448
79444
81449
79562
54627
51940
21950
92234
22163
41374
45312
22186
77654
31162
34573
94753
86467
34494
73284
49088
40628
75153
97229
32686
76155
18608
90192
75029
10568
49718
47324
4490
11245
34323
49099
47690
39161
36170
58213
56568
29886
52934
90237
26283
54149
74115
38580
68327
11297
76577
72698
71362
38617
53011
89395
74267
52215
91761
79472
99930
44531
25511
57397
83121
25516
5572
32940
32543
47704
50793
85533
16236
76033
75087
16642
40164
67520
89624
15459
65493
68855
28838
4711
42026
31574
24789
65644
38168
20602
58966
61029
45328
91801
92913
27539
83592
26700
44505
43907
55930
67348
74484
20912
27322
15487
56123
34664
81531
21475
78747
85071
24446
67333
43900
21454
75229
57142
79066
12667
48458
99890
10799
37731
13653
84981
29027
42734
64298
77946
66788
93535
59854
5022
24297
99168
98715
16911
44688
89573
31121
73998
8579
73064
21957
82694
63140
84122
78943
19320
79463
8730
55853
78235
19175
76179
33202
51256
4629
63619
92539
11153
52448
67787
85716
62073
5145
86229
48119
85179
4134
80742
89538
87609
17901
17074
38923
80922
67588
86213
93339
52649
87647
467
70562
34029
84017
24195
65093
90827
57057
49890
14645
67064
18697
83486
66199
76552
88196
91744
11724
98598
50605
6546
87308
92765
452
68252
53183
54716
95533
76606
6177
75064
26296
80677
15147
2023
50211
46990
6043
9483
27747
47058
2244
43657
25969
59939
45508
34866
8092
44293
34648
16845
44027
67926
3023
34746
22530
46468
31298
51444
9760
24083
95812
83287
28058
19410
39077
86432
70422
37384
52642
42142
42854
1884
4240
62604
43378
73131
14981
53799
77555
39111
83697
98962
85375
97921
10134
11735
69453
64636
12396
10449
97199
27217
96776
79312
11256
69046
26771
97479
40190
57315
12027
47917
80552
51334
81047
96573
46995
62744
64538
16381
76280
96577
75413
80252
68943
18611
17041
13167
65495
69663
20288
4235
14942
48078
25961
83574
60045
76644
12068
57178
57164
96232
90732
26127
11186
79818
74687
31518
22697
60061
24612
99814
42036
64236
65641
59178
65003
63591
21599
88589
56804
38604
46686
31813
62099
50162
85947
55860
86123
3
59086
71175
80622
32522
70828
2363
31418
25323
19815
77310
16610
92003
67043
28017
80543
20675
94500
11797
72833
67803
58976
78980
66012
11150
40703
54159
62698
61148
36136
58997
63046
52801
1609
56233
5079
39377
57751
5994
60383
6988
5392
89933
95781
88441
67525
26761
95086
26178
46965
93663
6492
89432
45261
15633
80548
45294
67131
87561
66037
92757
12368
33433
82896
99309
49542
75377
92459
94168
41712
90622
4990
65320
7258
86530
37043
54077
22821
60826
67619
92495
73301
13815
13765
17247
27633
88843
89246
32636
91973
11261
50082
14085
30418
65312
82496
63170
43055
86518
16278
25416
14733
1475
99007
7812
13962
39754
96418
21161
90833
60048
54664
22020
95890
42506
14473
89499
2186
70818
46753
23363
76766
82756
56200
17966
43967
93710
40963
99184
41215
34526
75950
92437
56950
43933
43603
99417
15264
82133
46427
57336
95677
63573
34161
67987
64249
50078
70407
2229
94759
35803
90888
20351
65539
34526
97537
66550
3672
58416
43175
24157
67403
69932
16466
96380
91838
93536
34604
51964
99949
25227
91882
61457
29770
28725
6967
10215
16634
14236
19312
88669
98640
16120
10138
92769
63441
32322
6246
10751
99311
90645
37603
70396
7744
11111
1834
47156
61484
77355
16847
20386
59202
95263
13354
6863
90225
4471
35424
66856
51643
47268
65698
45273
61250
55445
93077
26792
61450
41096
28538
37280
1422
30166
540
34938
2436
10391
71903
44201
47686
20157
57084
60789
84196
28549
86406
94071
10380
53268
78453
38526
63784
54749
80104
9178
59013
33626
93805
79008
44997
68823
451
35275
55368
38089
38162
7910
77476
30910
59152
85335
42597
52961
24148
37947
99123
31647
33886
8261
18048
16046
90092
54928
35304
30762
32931
47648
23017
33552
20151
37403
20931
14518
94509
34809
62586
77326
94187
95417
90547
35976
11572
36070
21821
58897
62687
140
71423
68450
24956
65640
11767
82971
90172
19394
58200
65810
40219
40092
64021
7030
73595
47416
29538
23808
64978
93588
34289
2833
83093
44918
2621
47800
30985
80937
66863
91699
87215
63792
3645
9866
33465
71195
4188
38191
77026
34735
3456
74375
57047
19023
23936
23039
66416
34937
35159
53316
6508
13040
94615
9808
17042
53247
50145
46352
83843
55658
1583
47523
88880
24082
47475
96579
40009
27723
45779
99198
83661
9018
14206
49020
11330
69296
17261
53353
1211
28297
11962
65180
89538
56971
53666
10862
89307
26639
37028
97718
16514
38634
64327
21750
96765
35303
73562
22551
42235
13658
34706
28888
73285
16588
5238
78582
54686
15102
80325
28321
21511
91426
43484
76220
70124
96693
34702
82996
49969
25001
55805
65716
26275
42532
34519
79737
20225
89137
93739
38026
34775
34401
56269
51529
33093
28121
93075
59274
85041
93243
74256
73136
52985
91547
65663
21515
82093
11210
24741
52789
73934
38158
30143
91730
51802
2631
96605
1862
16991
8244
30151
66927
38351
97817
95719
8294
48278
31774
24918
14731
30322
68624
84230
66393
40829
78784
9384
24004
49622
69607
31643
67120
37162
9636
56839
51380
88039
6880
78099
60351
83423
3166
44086
77652
55498
53229
33335
1
62206
45897
53646
75631
34274
64072
72637
951
31331
41236
89354
2536
83100
9844
82069
68010
59590
61540
2548
54924
71456
11545
52693
21094
93330
63833
99875
66830
68193
14457
74700
56973
99621
21622
79495
11994
48088
97528
34966
92672
82306
84755
43447
96569
21101
20172
38697
98035
17640
27290
60025
80967
35677
39599
22138
23215
66962
4406
67875
84969
9478
43450
36641
22845
4849
73914
58319
53340
56990
91691
72788
43192
84586
12333
56054
55020
75032
83369
40679
24434
3919
41921
15310
76059
80121
25842
37112
19432
59362
45016
69059
42899
3906
43922
10114
88265
5106
34476
98853
31382
16268
14286
7275
79123
91739
91328
43838
21580
33793
43077
85996
67044
18022
80713
19587
9180
36368
73114
60463
40440
68243
70064
61242
16626
91313
6883
95583
31025
16373
15953
44683
38433
32831
85844
65257
39388
82683
65324
27120
29368
24276
22333
92416
73591
88776
72909
38412
39093
78404
80104
9598
63820
38201
70477
88580
18880
76396
35361
64807
56101
62320
19164
82843
50510
87064
23526
93160
63570
947
91636
85412
55779
5042
34945
35407
14266
38149
873
57589
63570
58866
45252
78165
68139
53236
70807
495
82093
45324
83443
12660
93389
42564
43199
40659
14160
62955
6722
4178
37976
41591
9541
78493
23760
76105
92692
23397
70676
56383
12783
82756
69240
57836
42605
10178
88568
6880
83992
8303
66816
21261
47705
35604
68576
555
85745
868
35937
98204
85458
39612
99261
439
73513
95699
90076
78638
16061
98266
40474
99501
3560
35320
10584
92468
52181
67478
35923
35302
27787
75035
21950
23801
64782
78592
36029
86857
65837
9175
40649
40573
13212
82344
73941
77002
61161
35584
41239
49490
9844
4310
85461
6752
32001
40793
49367
69097
83670
86589
44819
30555
84296
34047
59854
71969
49345
78621
92009
13734
69903
86439
84417
38239
67251
27657
1949
4872
57417
76360
56189
93904
58279
66810
43521
56043
26959
37792
21418
79171
50803
86322
22041
43199
60881
89897
81533
79556
91785
41197
41056
6746
54688
6478
24776
94997
49265
87261
70424
10899
19026
33265
48786
592
27307
97582
57550
49985
11400
79428
8815
56260
65959
21431
32216
21977
87305
4394
96298
38842
88494
13103
55748
49584
96258
97013
23912
12981
99472
76730
15010
21264
51094
80571
70669
32397
15698
21629
39630
16723
69509
58103
38521
24356
87014
40881
43568
12126
450
11094
82406
4563
93422
98977
81429
92620
38858
55153
10963
5116
76026
15780
30959
42238
29295
78518
97110
38605
26265
88557
55110
49148
63940
43440
14756
70115
84544
45948
70058
52219
62378
59337
35210
33312
22487
52717
89339
97621
19648
96
13710
23464
98171
91225
4508
4380
38122
13100
92953
79285
52966
20809
74689
19918
64674
78870
36401
33785
2770
99756
84015
21185
99625
93719
89160
14643
38539
78283
88243
22282
34337
5713
13768
70490
72562
32609
25943
63530
29782
20411
33744
18805
26048
99364
55430
86333
90512
97438
89825
86210
40731
2027
3188
94142
29129
86426
80844
18051
9378
41140
25909
75760
6634
85314
88000
97074
23410
4143
83361
84768
50801
6269
80215
64217
46997
95972
49852
99953
34267
39922
1222
38158
8106
91622
43225
15909
96799
83014
15152
35833
98942
14312
51944
72458
12850
59874
91220
31509
14783
54138
28740
694
84709
79348
4501
58760
77031
38384
79480
70968
69171
55560
40686
85768
2347
29738
53517
50248
46816
4366
98193
9331
2166
32828
34404
80263
52819
10240
29100
26862
84646
64706
65291
67354
53098
88467
3337
46244
68624
66145
69530
44428
49143
59095
3421
77597
77563
84633
29462
26221
41198
69491
52688
16604
88612
37705
58872
35565
38082
67542
54883
76983
2020
53732
57394
37558
48591
44302
19119
26365
99081
26213
83282
48045
28893
72986
17547
90391
92136
44909
87925
44402
44212
21592
74019
10434
2224
13600
446
69271
3358
75196
22862
72533
30846
72967
85907
55887
98799
43418
9040
28711
56272
66185
57862
4760
55603
8187
32018
34745
9812
58737
43534
49664
97641
11202
7017
68292
77124
90769
86333
20971
50264
41307
78770
14516
44847
74808
1183
26992
90413
72764
89396
37462
6926
23171
87246
67064
48463
98205
25997
19538
681
20240
31142
13668
92288
85883
79371
58632
75767
46989
60103
82952
13446
37027
80433
72442
55719
32108
5519
82898
34251
39518
6335
76257
19184
62884
46359
5927
51094
21929
29636
81794
36261
13281
61422
9017
49875
19166
60214
16079
70990
99086
66436
52183
54032
7712
4294
69047
94265
17989
90438
41163
24021
15314
10137
62630
83396
77078
51525
32296
5429
96224
7027
93407
8425
73644
50192
13323
62612
13113
67536
49615
51593
11395
21245
48336
81165
30489
52366
17847
54259
42733
87516
47588
51921
28261
82788
2245
2316
17031
66824
20302
83933
3740
33879
25927
30343
94419
40336
47282
54
80998
62917
71378
91355
86382
80526
76717
23188
95932
13959
15587
40138
639
98649
7283
20033
4713
1599
62745
40120
26255
22446
30781
55327
29603
13
92304
61092
15696
81682
21171
32322
33042
29940
83837
71577
92338
70465
68026
59378
405
44820
818
64058
63385
79486
1486
75198
67988
9795
88877
65126
54934
10338
45982
53742
17265
42908
18313
32793
83340
40074
91479
6685
54831
56029
38579
69280
45837
22620
2283
21422
62310
74841
64201
29397
18084
81931
59901
19439
76686
3934
97173
6276
21787
95555
28274
40807
76421
84980
66294
31392
87365
22811
61886
23661
50566
67083
59380
51327
44571
85749
69802
81680
57103
87078
94868
97299
2087
63820
83582
88040
57134
16036
1510
47216
71023
3626
51818
85527
50511
5323
90557
72267
31505
24180
13763
3831
81947
94298
50862
45907
71657
3377
77138
26664
36441
23729
16776
7307
85256
5135
91745
32309
9706
30972
21036
4215
37943
616
43165
61192
31708
52218
6919
77232
35283
39939
9771
24520
47455
87927
78693
92319
15012
84798
21257
10315
95449
18094
54330
16307
59385
85106
2153
82680
8749
49530
24355
458
12151
77396
76487
97834
74379
88586
53930
82169
70993
64644
41980
54279
85104
68947
8066
61429
72795
57842
58204
25682
9712
31803
59014
61606
62297
51459
72503
85255
5958
71819
48452
4266
73400
62751
52442
83113
76687
39885
79209
50470
66986
24127
35547
26289
19991
25186
96379
91729
78159
52777
80677
98460
2195
84113
47072
29546
45869
28892
7919
32376
37001
34044
52520
1523
39898
67591
77685
58498
13336
4420
2599
91640
98898
4514
71448
32513
45786
30238
80656
82404
92102
10690
27645
38641
42984
8773
48468
81600
23231
27063
34949
4123
79250
75214
19354
90544
12109
97420
15240
19197
81528
78309
99309
64403
15162
81718
58960
12835
17481
93228
41229
41621
4524
74811
19335
73168
13622
65603
97994
94760
39642
63515
13305
29895
91358
2650
26171
36097
36762
16664
19963
14234
90202
68853
96199
81473
63826
23030
68588
82858
16191
20469
47288
89540
88872
76294
68451
52736
97932
90750
59510
13887
85409
25253
35391
73234
49598
26405
61112
52496
40165
2323
71279
26173
19226
93906
53392
84645
37553
65202
10544
43347
85790
77296
50745
48689
37937
46695
46839
3277
62144
38478
42113
90560
45701
