3598
5364
3931
4641
7033
8132
248
6108
8712
2536
5548
4790
173
8224
8954
5747
7405
2298
8475
8018
5686
2110
654
3748
7359
8004
5450
6916
7235
3767
554
9141
6603
8324
9503
1946
7512
1836
5321
6714
8036
3761
5780
8637
5531
5521
1080
9698
4151
1014
7369
1989
1189
9939
1202
1865
4418
582
1416
6888
5261
4847
2854
5642
8599
3070
4028
5035
201
7706
940
9368
5386
2660
1526
3637
2927
8644
295
2165
5079
7504
8399
9365
4409
5876
4688
1211
5969
3195
7130
7525
7538
7484
7821
9131
4298
7772
3585
382
9768
9747
54
3178
7849
4588
9845
8744
9419
975
2957
3767
2462
6576
1923
4664
2885
8036
5208
7639
8463
9581
7736
8113
624
1838
5426
9721
9599
6252
4491
5617
6515
7873
9522
9959
463
3104
1406
3352
1081
2532
1582
3118
2882
802
7359
9877
7582
194
9437
8539
4643
622
8169
9647
973
7026
9608
41
4452
4589
6260
2449
9861
7093
1707
2628
4209
5873
1094
6018
7670
2168
4270
3889
5217
8013
7690
6728
8978
6450
4568
1137
3461
6451
7139
2451
70
2645
4365
1393
611
698
2808
1544
9940
2258
3801
1133
7693
4380
2751
9120
984
5136
3108
1767
2176
5388
1243
1412
7857
8911
9610
9678
3700
7200
9686
6964
4225
7066
1662
2210
1473
238
4814
8213
9399
7642
6625
2604
7554
1770
3432
7779
6428
6189
9558
904
2444
8299
5479
3085
5736
2478
3052
9261
1928
3220
2006
737
5481
5220
9251
900
942
8081
3936
1583
4569
1010
6579
9736
8337
3400
9726
6362
7810
4723
4710
6121
2145
6368
8703
7987
690
9059
2145
3278
7397
6687
7535
1045
6932
1256
7736
5077
1652
5737
3374
4628
1907
3373
5050
7053
4879
5310
3940
4669
435
529
4200
1750
1288
7110
4764
9559
7495
9539
3730
3579
3569
4929
7822
9126
5783
2890
1113
4128
5849
5297
2599
4895
820
5898
8768
3126
4510
7840
7000
9642
1378
7266
9394
5686
3100
8899
6400
7025
7982
993
6344
4940
435
8759
2569
9752
7529
1529
2472
9274
352
5565
9605
9854
4247
3400
5483
5447
1082
5238
2238
2544
5681
6017
1651
4439
9022
2556
2544
8280
4114
276
633
6624
890
7963
2328
1688
5869
5811
6478
591
7231
8110
449
6398
1642
1685
7769
1772
2526
5165
7948
5101
3324
6550
5486
6079
4987
670
324
6511
7751
1209
2942
9028
9151
2841
869
9689
4739
7015
5300
4190
8972
1053
6912
548
415
8783
441
1098
3422
9179
21
4147
4357
48
8895
7887
3096
2183
594
3301
2314
9343
8320
1487
2448
5077
3096
4308
2971
6046
5014
7494
7408
8259
6171
3363
6134
7360
220
6713
9044
7497
9349
1605
480
2154
7073
2031
8708
4924
4653
323
4237
6607
9818
3532
3899
171
2295
9857
4441
8267
3379
7536
5458
3433
2924
1887
7939
1671
5189
9580
5263
8364
3978
1602
3951
2521
9292
6434
8513
1354
9440
9985
3183
7783
6254
4732
5113
3420
6251
9223
9709
9685
4692
1990
2422
3191
9589
8720
1098
8924
2396
5799
4198
9252
3815
2969
6814
9046
253
1068
3249
7412
4824
3401
9062
8629
9410
9774
6361
1152
3431
8085
6180
1071
9879
9804
7760
516
7335
6913
9636
5343
3231
2620
8240
8581
3793
9961
4072
9805
9047
4369
4492
1451
4012
6444
8908
9445
3241
5229
8322
9630
870
3187
2384
8689
7198
7648
4312
694
1518
4332
1593
1803
158
9722
7339
243
8732
2494
6832
2297
8395
5303
8006
4802
4030
3596
4143
8973
5249
2182
1751
7141
823
149
8748
49
2171
2404
9002
4270
8460
5264
7806
6645
2447
3814
7767
3242
9428
4037
3621
530
4573
1102
536
3729
9094
7588
9710
2897
8790
3234
7792
1061
7354
4215
6353
6662
1622
5246
5860
7904
8336
4178
3923
3743
6930
6714
5638
5447
3905
1894
1468
5563
6975
1912
5145
4036
4277
6339
4346
5764
4010
5588
1968
8700
618
6343
2990
2239
8339
4010
1035
7778
5897
8984
8961
379
6600
6627
2938
9316
7257
8038
411
3660
6525
3499
6733
479
3855
8049
5594
8786
6956
7779
4013
4463
8074
9800
4957
2922
9408
1753
2807
2403
836
265
2973
8727
5677
4793
8450
9871
6428
2839
3862
8369
1002
5280
2703
2306
8038
1036
6891
8522
5605
6731
2225
2264
9130
2315
5608
7834
3478
9824
6387
1678
3253
4559
551
4644
6941
7999
6638
8223
1303
8774
1045
1641
560
7327
7664
6700
5977
1440
7138
8549
9382
7598
2974
4659
8303
566
3458
3632
9992
747
7090
645
3340
5919
735
2396
2354
8583
1207
3029
4505
8531
2958
1604
4689
7866
3833
3251
1761
1105
4143
8034
6271
6597
5561
2205
6714
3283
7321
8496
3018
7152
803
4569
9308
4726
8192
17
9767
3602
2822
9069
7072
6962
2468
3475
9538
9097
9930
557
148
992
3901
561
616
4773
8625
9973
8879
4124
6008
5612
3789
6151
1860
5183
2415
8254
2943
336
4106
9478
9512
6525
1800
7897
4312
4076
7025
238
9010
1395
4244
6527
9827
4591
8098
258
3011
650
1790
7205
7100
9979
8652
9312
1135
7990
8395
737
2800
3098
3003
7454
8880
8981
7667
5775
6968
2857
7387
4403
1031
5415
925
4838
9857
5282
2684
601
9787
7978
7009
6043
5288
8316
4455
7251
5514
3883
3247
4805
155
7403
7466
7797
6839
5396
6513
2709
2957
1280
9264
4036
5055
5362
989
1353
731
6960
5656
4868
3762
5496
9694
2716
228
7494
2629
3083
3286
280
3240
5303
2021
8459
3847
1732
9200
6582
2906
8946
3536
2529
8709
640
5235
6475
2978
7881
8893
7720
1639
9097
5735
5421
900
5362
7442
7716
5364
8640
898
719
3953
9521
9490
1627
9002
9478
8357
1807
2817
1772
2961
2084
1465
9723
2176
4385
8367
57
3629
1302
5650
3762
8553
1350
3628
8996
7399
9223
3498
9216
5087
8878
1745
6251
8608
1696
3306
4503
